Tipo de documento;Número de documento;dependencia;concepto;valor;concepto descuento;Tipo de documento beneficiario descuento;Número documento beneficiario descuento;Valor descuento;Medio de pago;Tipo documento entidad financiera;Número documento entidad financiera;Tipo de cuenta;Número de cuenta;Valor total;Valor deducciones;Valor neto;;
01;8909811955;1;01;328.754,45;N000;01;8301152263;0;AC;01;8000378008;CTE;13020006923;328.754,45;0;328.754,45;;
01;8909821412;1;01;124.506,00;N000;01;8301152263;0;AC;01;8000378008;CTE;13140001648;124.506,00;0;124.506,00;;
01;8909841325;1;01;45.467,00;N000;01;8301152263;0;AC;01;8000378008;CTE;14120004818;45.467,00;0;45.467,00;;
01;8909823014;1;01;436.789,00;N000;01;8301152263;0;AC;01;8000378008;CTE;14500001038;436.789,00;0;436.789,00;;
01;8909811052;1;01;5.647.890,00;N000;01;8301152263;0;AC;01;8000378008;CTE;14520010688;5.647.890,00;0;5.647.890,00;;
01;8000192184;1;01;6.579.000,00;N000;01;8301152263;0;AC;01;8000378008;CTE;16340004015;6.579.000,00;0;6.579.000,00;;
01;8002535261;1;01;899.777,00;N000;01;8301152263;0;AC;01;8000378008;CTE;60380014609;899.777,00;0;899.777,00;;
01;8000775455;1;01;4.356.789,00;N000;01;8301152263;0;AC;01;8000378008;CTE;15010008330;4.356.789,00;0;4.356.789,00;;
01;8918004750;1;01;432.569,00;N000;01;8301152263;0;AC;01;8000378008;CTE;15300000864;432.569,00;0;432.569,00;;
01;8918551381;1;01;543.678,00;N000;01;8301152263;0;AC;01;8000378008;CTE;15070048721;543.678,00;0;543.678,00;;
01;8918012401;1;01;987.098,00;N000;01;8301152263;0;AC;01;8000378008;CTE;15110021449;987.098,00;0;987.098,00;;
01;8908026509;1;01;546.789,00;N000;01;8301152263;0;AC;01;8000378008;CTE;18200010041;546.789,00;0;546.789,00;;
01;8908011470;1;01;5.431.234,00;N000;01;8301152263;0;AC;01;8000378008;CTE;18330000023;5.431.234,00;0;5.431.234,00;;
01;8915008874;1;01;12.343.678,00;N000;01;8301152263;0;AC;01;8000378008;CTE;21750002186;12.343.678,00;0;12.343.678,00;;
01;8923017615;1;01;3.245.678,00;N000;01;8301152263;0;AC;01;8000378008;CTE;24200002186;3.245.678,00;0;3.245.678,00;;
01;8000966139;1;01;3.214.567,00;N000;01;8301152263;0;AC;01;8000378008;CTE;24600007256;3.214.567,00;0;3.214.567,00
01;8000967610;1;01;3.246.897,00;N000;01;8301152263;0;AC;01;8000378008;CTE;27470002265;3.246.897,00;0;3.246.897,00
01;8999994500;1;01;435.277,00;N000;01;8301152263;0;AC;01;8000378008;CTE;09000023789;435.277,00;0;435.277,00
01;8999993573;1;01;3.246.789,00;N000;01;8301152263;0;AC;01;8000378008;CTE;31180016805;3.246.789,00;0;3.246.789,00
01;8999994335;1;01;4.322.298,00;N000;01;8301152263;0;AC;01;8000378008;CTE;09100010751;4.322.298,00;0;4.322.298,00
01;8999994011;1;01;435.666,00;N000;01;8301152263;0;AC;01;8000378008;CTE;31460000016;435.666,00;0;435.666,00
01;8999991735;1;01;32.455,45;N000;01;8301152263;0;AC;01;8000378008;CTE;31580011802;32.455,45;0;32.455,45
01;8916000624;1;01;432.677,67;N000;01;8301152263;0;AC;01;8000378008;CTE;33030017710;432.677,67;0;432.677,67
01;8916803953;1;01;65.656,00;N000;01;8301152263;0;AC;01;8000378008;CTE;33090004830;65.656,00;0;65.656,00
01;8916801964;1;01;4.343.456,00;N000;01;8301152263;0;AC;01;8000378008;CTE;33700004527;4.343.456,00;0;4.343.456,00
01;8911801184;1;01;4.596.777,00;N000;01;8301152263;0;AC;01;8000378008;CTE;39090002641;4.596.777,00;0;4.596.777,00
01;8911800281;1;01;64.355,00;N000;01;8301152263;0;AC;01;8000378008;CTE;39100003985;64.355,00;0;64.355,00
01;8921150248;1;01;4.569.000,00;N000;01;8301152263;0;AC;01;8000378008;CTE;36200003709;4.569.000,00;0;4.569.000,00
01;8920992782;1;01;5.367.890,00;N000;01;8301152263;0;AC;01;8000378008;CTE;45120004705;5.367.890,00;0;5.367.890,00
01;8000981936;1;01;5.467.890,00;N000;01;8301152263;0;AC;01;8000378008;CTE;45150022247;5.467.890,00;0;5.467.890,00
01;8000990624;1;01;3.214.650,00;N000;01;8301152263;0;AC;01;8000378008;CTE;48660002154;3.214.650,00;0;3.214.650,00
01;8000990767;1;01;123.098,00;N000;01;8301152263;0;AC;01;8000378008;CTE;48260009443;123.098,00;0;123.098,00
01;8002225020;1;01;324.678,00;N000;01;8301152263;0;AC;01;8000378008;CTE;48260009435;324.678,00;0;324.678,00
01;8000991385;1;01;5.657.888,00;N000;01;8301152263;0;AC;01;8000378008;CTE;48100000036;5.657.888,00;0;5.657.888,00
01;8900013395;1;01;7.554.009,00;N000;01;8301152263;0;AC;01;8000378008;CTE;54450000048;7.554.009,00;0;7.554.009,00
01;8902108909;1;01;7.654.343,00;N000;01;8301152263;0;AC;01;8000378008;CTE;60290004096;7.654.343,00;0;7.654.343,00
01;8902060581;1;01;3.452.678,00;N000;01;8301152263;0;AC;01;8000378008;CTE;60410003911;3.452.678,00;0;3.452.678,00
01;8902107047;1;01;5.432.345,00;N000;01;8301152263;0;AC;01;8000378008;CTE;60620009823;5.432.345,00;0;5.432.345,00
01;8902066960;1;01;3.456.009,00;N000;01;8301152263;0;AC;01;8000378008;CTE;60640004499;3.456.009,00;0;3.456.009,00
01;8000498260;1;01;5.367.655,00;N000;01;8301152263;0;AC;01;8000378008;CTE;63200003653;5.367.655,00;0;5.367.655,00
01;8922800576;1;01;5.789.099,00;N000;01;8301152263;0;AC;01;8000378008;CTE;63400008015;5.789.099,00;0;5.789.099,00
01;8922008397;1;01;6.457.899,00;N000;01;8301152263;0;AC;01;8000378008;CTE;63800013797;6.457.899,00;0;6.457.899,00
01;8907020231;1;01;6.589.000,00;N000;01;8301152263;0;AC;01;8000378008;CTE;66330006108;6.589.000,00;0;6.589.000,00
01;8001001341;1;01;546.000,00;N000;01;8301152263;0;AC;01;8000378008;CTE;66190016361;546.000,00;0;546.000,00
01;8907020381;1;01;6.789.000,00;N000;01;8301152263;0;AC;01;8000378008;CTE;66450010013;6.789.000,00;0;6.789.000,00
01;8920994947;1;01;1.236.400,00;N000;01;8301152263;0;AC;01;8000378008;CTE;73050009585;1.236.400,00;0;1.236.400,00
01;8001360694;1;01;8.790.900,00;N000;01;8301152263;0;AC;01;8000378008;CTE;73150002076;8.790.900,00;0;8.790.900,00
01;8001028013;1;01;3.245.900,00;N000;01;8301152263;0;AC;01;8000378008;CTE;73700024026;3.245.900,00;0;3.245.900,00
01;8002529229;1;01;32.366,00;N000;01;8301152263;0;AC;01;8000378008;CTE;79100009368;32.366,00;0;32.366,00
01;8920991057;1;01;5.468.800,00;N000;01;8301152263;0;AC;01;8000378008;CTE;77030007486;5.468.800,00;0;5.468.800,00
01;8920992331;1;01;546.660,00;N000;01;8301152263;0;AC;01;8000378008;CTE;84200005241;546.660,00;0;546.660,00
01;8420000171;1;01;868.609,00;N000;01;8301152263;0;AC;01;8000378008;CTE;85050000414;868.609,00;0;868.609,00
03;19302080;1;01;7.665.098,00;N000;01;8301152263;0;AC;01;8000378008;AHR;08200081588;7.665.098,00;0;7.665.098,00
03;79638351;1;01;545.455,00;N000;01;8301152263;0;AC;01;8000378008;AHR;445050008391;545.455,00;0;545.455,00
01;8001416869;1;01;758.997,00;N000;01;8301152263;0;AC;01;8000378008;CTE;79350006999;758.997,00;0;758.997,00
01;8340004879;1;01;12.234.435,00;N000;01;8301152263;0;AC;01;8000378008;CTE;73700027987;12.234.435,00;0;12.234.435,00
01;8340004879;1;01;1.757.099,00;N000;01;8301152263;0;AC;01;8000378008;CTE;73700027995;1.757.099,00;0;1.757.099,00
01;8001631586;1;01;97.467,00;N000;01;8301152263;0;AC;01;8000378008;CTE;02300200652;97.467,00;0;97.467,00
01;8001631586;1;01;6.564.489,00;N000;01;8301152263;0;AC;01;8000378008;CTE;02300200686;6.564.489,00;0;6.564.489,00
03;10625095;1;01;5.468.900,00;N000;01;8301152263;0;AC;01;8000378008;AHR;466010054264;5.468.900,00;0;5.468.900,00
03;1118541603;1;01;4.531.790,00;N000;01;8301152263;0;AC;01;8000378008;AHR;473700041188;4.531.790,00;0;4.531.790,00
03;1121709695;1;01;3.447.908,00;N000;01;8301152263;0;AC;01;8000378008;AHR;431670009158;3.447.908,00;0;3.447.908,00
03;13451933;1;01;54.778,00;N000;01;8301152263;0;AC;01;8000378008;AHR;451013019950;54.778,00;0;54.778,00
03;14190248;1;01;436.789,00;N000;01;8301152263;0;AC;01;8000378008;AHR;466010043114;436.789,00;0;436.789,00
03;18202382;1;01;4.356.790,00;N000;01;8301152263;0;AC;01;8000378008;AHR;466010043701;4.356.790,00;0;4.356.790,00
03;19323869;1;01;324.678,00;N000;01;8301152263;0;AC;01;8000378008;AHR;24030517209;324.678,00;0;324.678,00
03;80126456;1;01;324.567,00;N000;01;8301152263;0;AC;01;8000378008;AHR;431670008976;324.567,00;0;324.567,00
03;80397197;1;01;32.444,00;N000;01;8301152263;0;AC;01;8000378008;AHR;431180010859;32.444,00;0;32.444,00
03;8355304;1;01;215.889,00;N000;01;8301152263;0;AC;01;8000378008;AHR;466010053802;215.889,00;0;215.889,00
01;8270002512;1;01;326.790,00;N000;01;8301152263;0;AC;01;8000378008;CTE;81100002518;326.790,00;0;326.790,00
01;8430000284;1;01;543.980,00;N000;01;8301152263;0;AC;01;8000378008;CTE;77030004079;543.980,00;0;543.980,00
;;;;;;;;;;;;;;;;
